GEN,GluA1a,GluA1b,GluB1a,GluB1b,GluB1c,GluB1f,GluB1i,GluD1a,GluD1d,GluA3b,GluA3c,GluA3d,GluA3e,GluA3f,GluB3b,GluB3d,GluB3e,GluB3g,GluB3h,GluB3i,GluB3j,GluD3a,GluD3b,GluD3c,GluD3e
1,0,1,1,0,0,0,0,0,1,0,1,0,0,0,0,0,0,0,1,0,0,0,1,0,0
2,0,1,0,1,0,0,0,1,0,0,0,1,0,0,0,0,0,0,0,1,0,1,0,0,0
3,0,1,0,0,0,0,1,0,1,0,1,0,0,0,0,0,0,0,1,0,0,0,1,0,0
4,0,1,0,0,1,0,0,0,1,0,1,0,0,0,0,0,0,0,1,0,0,0,1,0,0
5,0,1,0,0,1,0,0,0,1,0,1,0,0,0,0,0,0,0,1,0,0,0,0,0,1
6,0,1,1,0,0,0,0,0,1,1,0,0,0,0,1,0,0,0,0,0,0,0,1,0,0
7,0,1,0,0,1,0,0,0,1,0,1,0,0,0,0,0,0,0,1,0,0,0,1,0,0
8,0,1,0,0,0,0,1,0,1,0,1,0,0,0,0,0,0,0,1,0,0,0,0,0,1
9,0,1,0,0,1,0,0,1,0,0,1,0,0,0,1,0,0,0,0,0,0,0,1,0,0
10,0,1,0,0,1,0,0,0,1,0,1,0,0,0,0,0,0,0,1,0,0,0,1,0,0
11,1,0,0,0,0,0,1,0,1,0,1,0,0,0,0,0,0,0,0,1,0,0,1,0,0
12,0,1,0,0,0,0,1,0,1,0,1,0,0,0,0,0,0,0,1,0,0,0,1,0,0
13,0,1,1,0,0,0,0,0,1,0,1,0,0,0,0,0,1,0,0,0,0,0,1,0,0
14,0,1,0,0,1,0,0,1,0,0,1,0,0,0,0,0,0,0,1,0,0,0,1,0,0
15,0,1,1,0,0,0,0,0,1,0,1,0,0,0,0,0,1,0,0,0,0,0,1,0,0
16,0,1,0,0,1,0,0,1,0,0,0,0,1,0,0,0,0,0,0,0,1,0,1,0,0
17,0,1,0,1,0,0,0,1,0,0,1,0,0,0,0,1,0,0,0,0,0,0,1,0,0
18,1,0,0,1,0,0,0,1,0,0,0,0,0,1,0,1,0,0,0,0,0,0,1,0,0
19,0,1,0,0,0,0,1,1,0,0,1,0,0,0,0,0,0,1,0,0,0,0,1,0,0
20,0,1,0,0,0,0,1,0,1,1,0,0,0,0,1,0,0,0,0,0,0,0,1,0,0
21,0,1,0,0,1,0,0,0,1,0,1,0,0,0,0,0,0,0,1,0,0,0,1,0,0
22,0,1,0,0,0,0,1,0,1,0,1,0,0,0,0,0,1,0,0,0,0,0,1,0,0
23,1,0,0,0,1,0,0,0,1,1,0,0,0,0,0,0,0,0,0,1,0,0,1,0,0
24,0,1,0,0,0,0,1,1,0,0,1,0,0,0,0,1,0,0,0,0,0,1,0,0,0
25,1,0,0,0,0,0,1,0,1,0,1,0,0,0,0,0,0,1,0,0,0,0,1,0,0
26,0,1,1,0,0,0,0,0,1,0,1,0,0,0,0,0,1,0,0,0,0,0,1,0,0
27,0,1,1,0,0,0,0,0,1,0,1,0,0,0,0,0,0,0,1,0,0,0,1,0,0
28,0,1,1,0,0,0,0,0,1,0,1,0,0,0,0,0,1,0,0,0,0,0,1,0,0
29,0,1,0,0,0,1,0,1,0,1,0,0,0,0,0,0,0,0,0,1,0,1,0,0,0
30,0,1,0,0,0,0,1,0,1,1,0,0,0,0,0,0,0,0,1,0,0,0,1,0,0
31,1,0,1,0,0,0,0,0,1,0,1,0,0,0,0,0,0,0,0,0,1,0,1,0,0
32,1,0,0,0,1,0,0,0,1,0,1,0,0,0,0,0,1,0,0,0,0,0,1,0,0
33,1,0,0,0,1,0,0,0,1,0,0,1,0,0,0,0,0,1,0,0,0,0,1,0,0
34,0,1,1,0,0,0,0,0,1,0,1,0,0,0,0,0,0,1,0,0,0,0,0,1,0
35,0,1,1,0,0,0,0,0,1,0,1,0,0,0,0,0,0,1,0,0,0,0,1,0,0
36,1,0,0,0,0,0,1,0,1,0,1,0,0,0,0,0,0,1,0,0,0,0,1,0,0
37,1,0,0,0,1,0,0,0,1,0,0,1,0,0,0,0,0,1,0,0,0,0,1,0,0
38,0,1,0,0,1,0,0,0,1,0,1,0,0,0,0,0,0,0,1,0,0,0,0,0,1
39,0,1,0,0,1,0,0,0,1,0,1,0,0,0,0,0,0,0,1,0,0,0,1,0,0
40,0,1,0,0,0,0,1,0,1,1,0,0,0,0,0,0,0,0,1,0,0,0,1,0,0
41,0,1,0,1,0,0,0,0,1,0,1,0,0,0,1,0,0,0,0,0,0,0,0,1,0
42,1,0,0,0,1,0,0,0,1,0,1,0,0,0,0,0,0,0,0,0,1,0,1,0,0
43,0,1,0,0,1,0,0,0,1,0,1,0,0,0,0,0,0,0,0,0,1,0,1,0,0
44,0,1,0,0,0,0,1,1,0,1,0,0,0,0,0,0,0,1,0,0,0,0,1,0,0
45,0,1,0,0,1,0,0,1,0,0,1,0,0,0,0,0,0,0,0,1,0,1,0,0,0
46,1,0,0,0,1,0,0,0,1,0,1,0,0,0,0,0,0,0,1,0,0,0,1,0,0
47,1,0,0,1,0,0,0,0,1,0,0,1,0,0,0,0,0,0,0,0,1,0,1,0,0
48,0,1,0,0,0,0,1,0,1,1,0,0,0,0,0,0,0,0,1,0,0,0,1,0,0
49,1,0,0,0,0,0,1,0,1,0,1,0,0,0,0,0,0,1,0,0,0,0,1,0,0
50,1,0,0,0,0,0,1,0,1,0,1,0,0,0,0,0,0,1,0,0,0,0,1,0,0
51,0,1,0,0,1,0,0,0,1,0,1,0,0,0,0,0,0,0,1,0,0,0,1,0,0
52,1,0,0,0,1,0,0,0,1,0,0,1,0,0,0,0,0,1,0,0,0,0,0,1,0
53,1,0,0,0,0,1,0,1,0,0,1,0,0,0,0,0,1,0,0,0,0,0,0,1,0
54,0,1,0,0,0,0,1,1,0,0,1,0,0,0,0,0,0,1,0,0,0,1,0,0,0
