7.206761
7.177991
7.174061
7.216087
7.214667
7.162255
7.159716
7.151792
7.143095
7.150145
7.167725
7.220813
7.199185
7.17898
7.235955
7.212229
7.197321
7.150797
7.085359
7.062048
7.02372
7.017893
6.992051
6.971268
6.903857
6.847859
6.800237
6.80952
6.875177
6.913307
6.853531
6.895738
6.87041
6.881087
6.91905
6.95813
6.984383
6.937415
6.899031
6.904551
6.864721
6.853267
6.874342
6.87855
6.857401
6.859645
6.880919
6.870077
6.865176
6.859201
6.83867
6.863946
6.820953
6.793965
6.853226
6.911273
6.956304
6.934219
6.948514
6.944103
6.947548
6.919432
6.971014
6.976613
6.950761
6.890668
6.922287
6.962349
6.952006
6.970992
