0.1680232
0.2120906
0.245337
0.2716515
0.2942253
0.3614383
0.3570806
0.3248333
0.3793573
0.4470671
0.4168606
0.3621663
0.3713653
0.3553129
0.3497757
0.3822351
0.3901415
0.3219104
0.3914409
0.3968082
0.4085453
0.4093694
0.4175075
0.4138709
0.3703862
0.4264626
0.4249116
0.4400686
0.3984378
0.3910803
0.3930004
0.4222991
0.4124659
0.4548199
0.3951124
0.400746
0.365495
0.3513507
0.350738
0.3923121
0.402422
0.4265778
0.4431697
0.4137204
0.4160748
0.4688502
0.4226835
0.3766727
0.3624097
0.3889996
0.3628025
0.3260417
0.3745719
0.3942523
0.3812913
0.3859947
0.415518
0.4071241
0.3947223
0.4038257
0.4260474
0.4773409
0.4096204
0.3810899
0.4053108
0.385315
0.3804768
0.3847504
0.4068617
0.3735527
